-21	-21	-135	-135
-21	-19	-135	-137.8624052
-21	-17	-135	-141.009006
-21	-15	-135	-144.4623222
-21	-13	-149.0362435	-148.2405199
-21	-11	-149.0362435	-152.3540246
-21	-9	-149.0362435	-156.8014095
-21	-7	-163.6104597	-161.5650512
-21	-5	-163.6104597	-166.6075022
-21	-3	-168.6900675	-171.8698976
-21	-1	180	-177.273689
-21	1	180	177.273689
-21	3	168.6900675	171.8698976
-21	5	163.6104597	166.6075022
-21	7	163.6104597	161.5650512
-21	9	149.0362435	156.8014095
-21	11	149.0362435	152.3540246
-21	13	149.0362435	148.2405199
-21	15	135	144.4623222
-21	17	135	141.009006
-21	19	135	137.8624052
-19	-21	-135	-132.1375948
-19	-19	-135	-135
-19	-17	-135	-138.1798301
-19	-15	-135	-141.7098368
-19	-13	-149.0362435	-145.6196553
-19	-11	-149.0362435	-149.9314172
-19	-9	-149.0362435	-154.6538241
-19	-7	-163.6104597	-159.7751406
-19	-5	-163.6104597	-165.2564372
-19	-3	-168.6900675	-171.0273734
-19	-1	180	-176.9872125
-19	1	180	176.9872125
-19	3	168.6900675	171.0273734
-19	5	163.6104597	165.2564372
-19	7	163.6104597	159.7751406
-19	9	149.0362435	154.6538241
-19	11	149.0362435	149.9314172
-19	13	149.0362435	145.6196553
-19	15	135	141.7098368
-19	17	135	138.1798301
-19	19	135	135
-17	-21	-135	-128.990994
-17	-19	-135	-131.8201699
-17	-17	-135	-135
-17	-15	-135	-138.5763344
-17	-13	-135	-142.5946434
-17	-11	-149.0362435	-147.0947571
-17	-9	-149.0362435	-152.102729
-17	-7	-149.0362435	-157.6198649
-17	-5	-163.6104597	-163.6104597
-17	-3	-168.6900675	-169.9920202
-17	-1	180	-176.6335393
-17	1	180	176.6335393
-17	3	168.6900675	169.9920202
-17	5	163.6104597	163.6104597
-17	7	149.0362435	157.6198649
-17	9	149.0362435	152.102729
-17	11	149.0362435	147.0947571
-17	13	135	142.5946434
-17	15	135	138.5763344
-17	17	135	135
-17	19	135	131.8201699
-15	-21	-135	-125.5376778
-15	-19	-135	-128.2901632
-15	-17	-135	-131.4236656
-15	-15	-135	-135
-15	-13	-135	-139.0856168
-15	-11	-135	-143.7461623
-15	-9	-149.0362435	-149.0362435
-15	-7	-149.0362435	-154.9831065
-15	-5	-163.6104597	-161.5650512
-15	-3	-168.6900675	-168.6900675
-15	-1	180	-176.1859252
-15	1	180	176.1859252
-15	3	168.6900675	168.6900675
-15	5	163.6104597	161.5650512
-15	7	149.0362435	154.9831065
-15	9	149.0362435	149.0362435
-15	11	135	143.7461623
-15	13	135	139.0856168
-15	15	135	135
-15	17	135	131.4236656
-15	19	135	128.2901632
-13	-21	-120.9637565	-121.7594801
-13	-19	-120.9637565	-124.3803447
-13	-17	-135	-127.4053566
-13	-15	-135	-130.9143832
-13	-13	-135	-135
-13	-11	-135	-139.7636417
-13	-9	-149.0362435	-145.3048465
-13	-7	-149.0362435	-151.6992442
-13	-5	-163.6104597	-158.962489
-13	-3	-163.6104597	-167.0053832
-13	-1	180	-175.6012946
-13	1	180	175.6012946
-13	3	163.6104597	167.0053832
-13	5	163.6104597	158.962489
-13	7	149.0362435	151.6992442
-13	9	149.0362435	145.3048465
-13	11	135	139.7636417
-13	13	135	135
-13	15	135	130.9143832
-13	17	135	127.4053566
-13	19	120.9637565	124.3803447
-11	-21	-120.9637565	-117.6459754
-11	-19	-120.9637565	-120.0685828
-11	-17	-120.9637565	-122.9052429
-11	-15	-135	-126.2538377
-11	-13	-135	-130.2363583
-11	-11	-135	-135
-11	-9	-135	-140.7105931
-11	-7	-149.0362435	-147.5288077
-11	-5	-149.0362435	-155.5560452
-11	-3	-163.6104597	-164.7448813
-11	-1	180	-174.8055711
-11	1	180	174.8055711
-11	3	163.6104597	164.7448813
-11	5	149.0362435	155.5560452
-11	7	149.0362435	147.5288077
-11	9	135	140.7105931
-11	11	135	135
-11	13	135	130.2363583
-11	15	135	126.2538377
-11	17	120.9637565	122.9052429
-11	19	120.9637565	120.0685828
-9	-21	-120.9637565	-113.1985905
-9	-19	-120.9637565	-115.3461759
-9	-17	-120.9637565	-117.897271
-9	-15	-120.9637565	-120.9637565
-9	-13	-120.9637565	-124.6951535
-9	-11	-135	-129.2894069
-9	-9	-135	-135
-9	-7	-135	-142.1250163
-9	-5	-149.0362435	-150.9453959
-9	-3	-163.6104597	-161.5650512
-9	-1	180	-173.6598083
-9	1	180	173.6598083
-9	3	163.6104597	161.5650512
-9	5	149.0362435	150.9453959
-9	7	135	142.1250163
-9	9	135	135
-9	11	135	129.2894069
-9	13	120.9637565	124.6951535
-9	15	120.9637565	120.9637565
-9	17	120.9637565	117.897271
-9	19	120.9637565	115.3461759
-7	-21	-106.3895403	-108.4349488
-7	-19	-106.3895403	-110.2248594
-7	-17	-120.9637565	-112.3801351
-7	-15	-120.9637565	-115.0168935
-7	-13	-120.9637565	-118.3007558
-7	-11	-120.9637565	-122.4711923
-7	-9	-135	-127.8749837
-7	-7	-135	-135
-7	-5	-135	-144.4623222
-7	-3	-149.0362435	-156.8014095
-7	-1	-168.6900675	-171.8698976
-7	1	168.6900675	171.8698976
-7	3	149.0362435	156.8014095
-7	5	135	144.4623222
-7	7	135	135
-7	9	135	127.8749837
-7	11	120.9637565	122.4711923
-7	13	120.9637565	118.3007558
-7	15	120.9637565	115.0168935
-7	17	120.9637565	112.3801351
-7	19	106.3895403	110.2248594
-5	-21	-106.3895403	-103.3924978
-5	-19	-106.3895403	-104.7435628
-5	-17	-106.3895403	-106.3895403
-5	-15	-106.3895403	-108.4349488
-5	-13	-106.3895403	-111.037511
-5	-11	-120.9637565	-114.4439548
-5	-9	-120.9637565	-119.0546041
-5	-7	-135	-125.5376778
-5	-5	-135	-135
-5	-3	-149.0362435	-149.0362435
-5	-1	-168.6900675	-168.6900675
-5	1	168.6900675	168.6900675
-5	3	149.0362435	149.0362435
-5	5	135	135
-5	7	135	125.5376778
-5	9	120.9637565	119.0546041
-5	11	120.9637565	114.4439548
-5	13	106.3895403	111.037511
-5	15	106.3895403	108.4349488
-5	17	106.3895403	106.3895403
-5	19	106.3895403	104.7435628
-3	-21	-101.3099325	-98.13010235
-3	-19	-101.3099325	-98.97262661
-3	-17	-101.3099325	-100.0079798
-3	-15	-101.3099325	-101.3099325
-3	-13	-106.3895403	-102.9946168
-3	-11	-106.3895403	-105.2551187
-3	-9	-106.3895403	-108.4349488
-3	-7	-120.9637565	-113.1985905
-3	-5	-120.9637565	-120.9637565
-3	-3	-135	-135
-3	-1	-163.6104597	-161.5650512
-3	1	163.6104597	161.5650512
-3	3	135	135
-3	5	120.9637565	120.9637565
-3	7	120.9637565	113.1985905
-3	9	106.3895403	108.4349488
-3	11	106.3895403	105.2551187
-3	13	106.3895403	102.9946168
-3	15	101.3099325	101.3099325
-3	17	101.3099325	100.0079798
-3	19	101.3099325	98.97262661
-1	-21	-90	-92.72631099
-1	-19	-90	-93.0127875
-1	-17	-90	-93.36646066
-1	-15	-90	-93.81407483
-1	-13	-90	-94.39870535
-1	-11	-90	-95.19442891
-1	-9	-90	-96.34019175
-1	-7	-101.3099325	-98.13010235
-1	-5	-101.3099325	-101.3099325
-1	-3	-106.3895403	-108.4349488
-1	-1	-135	-135
-1	1	135	135
-1	3	106.3895403	108.4349488
-1	5	101.3099325	101.3099325
-1	7	101.3099325	98.13010235
-1	9	90	96.34019175
-1	11	90	95.19442891
-1	13	90	94.39870535
-1	15	90	93.81407483
-1	17	90	93.36646066
-1	19	90	93.0127875
1	-21	-90	-87.27368901
1	-19	-90	-86.9872125
1	-17	-90	-86.63353934
1	-15	-90	-86.18592517
1	-13	-90	-85.60129465
1	-11	-90	-84.80557109
1	-9	-90	-83.65980825
1	-7	-78.69006753	-81.86989765
1	-5	-78.69006753	-78.69006753
1	-3	-73.61045967	-71.56505118
1	-1	-45	-45
1	1	45	45
1	3	73.61045967	71.56505118
1	5	78.69006753	78.69006753
1	7	78.69006753	81.86989765
1	9	90	83.65980825
1	11	90	84.80557109
1	13	90	85.60129465
1	15	90	86.18592517
1	17	90	86.63353934
1	19	90	86.9872125
3	-21	-78.69006753	-81.86989765
3	-19	-78.69006753	-81.02737339
3	-17	-78.69006753	-79.9920202
3	-15	-78.69006753	-78.69006753
3	-13	-73.61045967	-77.00538321
3	-11	-73.61045967	-74.7448813
3	-9	-73.61045967	-71.56505118
3	-7	-59.03624347	-66.80140949
3	-5	-59.03624347	-59.03624347
3	-3	-45	-45
3	-1	-16.38954033	-18.43494882
3	1	16.38954033	18.43494882
3	3	45	45
3	5	59.03624347	59.03624347
3	7	59.03624347	66.80140949
3	9	73.61045967	71.56505118
3	11	73.61045967	74.7448813
3	13	73.61045967	77.00538321
3	15	78.69006753	78.69006753
3	17	78.69006753	79.9920202
3	19	78.69006753	81.02737339
5	-21	-73.61045967	-76.60750225
5	-19	-73.61045967	-75.25643716
5	-17	-73.61045967	-73.61045967
5	-15	-73.61045967	-71.56505118
5	-13	-73.61045967	-68.96248897
5	-11	-59.03624347	-65.55604522
5	-9	-59.03624347	-60.9453959
5	-7	-45	-54.46232221
5	-5	-45	-45
5	-3	-30.96375653	-30.96375653
5	-1	-11.30993247	-11.30993247
5	1	11.30993247	11.30993247
5	3	30.96375653	30.96375653
5	5	45	45
5	7	45	54.46232221
5	9	59.03624347	60.9453959
5	11	59.03624347	65.55604522
5	13	73.61045967	68.96248897
5	15	73.61045967	71.56505118
5	17	73.61045967	73.61045967
5	19	73.61045967	75.25643716
7	-21	-73.61045967	-71.56505118
7	-19	-73.61045967	-69.77514057
7	-17	-59.03624347	-67.61986495
7	-15	-59.03624347	-64.98310652
7	-13	-59.03624347	-61.69924423
7	-11	-59.03624347	-57.52880771
7	-9	-45	-52.12501635
7	-7	-45	-45
7	-5	-45	-35.53767779
7	-3	-30.96375653	-23.19859051
7	-1	-11.30993247	-8.130102354
7	1	11.30993247	8.130102354
7	3	30.96375653	23.19859051
7	5	45	35.53767779
7	7	45	45
7	9	45	52.12501635
7	11	59.03624347	57.52880771
7	13	59.03624347	61.69924423
7	15	59.03624347	64.98310652
7	17	59.03624347	67.61986495
7	19	73.61045967	69.77514057
9	-21	-59.03624347	-66.80140949
9	-19	-59.03624347	-64.65382406
9	-17	-59.03624347	-62.10272897
9	-15	-59.03624347	-59.03624347
9	-13	-59.03624347	-55.30484647
9	-11	-45	-50.71059314
9	-9	-45	-45
9	-7	-45	-37.87498365
9	-5	-30.96375653	-29.0546041
9	-3	-16.38954033	-18.43494882
9	-1	2.84E-14	-6.340191746
9	1	2.84E-14	6.340191746
9	3	16.38954033	18.43494882
9	5	30.96375653	29.0546041
9	7	45	37.87498365
9	9	45	45
9	11	45	50.71059314
9	13	59.03624347	55.30484647
9	15	59.03624347	59.03624347
9	17	59.03624347	62.10272897
9	19	59.03624347	64.65382406
11	-21	-59.03624347	-62.35402464
11	-19	-59.03624347	-59.93141718
11	-17	-59.03624347	-57.09475708
11	-15	-45	-53.74616226
11	-13	-45	-49.76364169
11	-11	-45	-45
11	-9	-45	-39.28940686
11	-7	-30.96375653	-32.47119229
11	-5	-30.96375653	-24.44395478
11	-3	-16.38954033	-15.2551187
11	-1	2.84E-14	-5.194428908
11	1	2.84E-14	5.194428908
11	3	16.38954033	15.2551187
11	5	30.96375653	24.44395478
11	7	30.96375653	32.47119229
11	9	45	39.28940686
11	11	45	45
11	13	45	49.76364169
11	15	45	53.74616226
11	17	59.03624347	57.09475708
11	19	59.03624347	59.93141718
13	-21	-59.03624347	-58.24051992
13	-19	-59.03624347	-55.61965528
13	-17	-45	-52.59464337
13	-15	-45	-49.08561678
13	-13	-45	-45
13	-11	-45	-40.23635831
13	-9	-30.96375653	-34.69515353
13	-7	-30.96375653	-28.30075577
13	-5	-16.38954033	-21.03751103
13	-3	-16.38954033	-12.99461679
13	-1	2.84E-14	-4.398705355
13	1	2.84E-14	4.398705355
13	3	16.38954033	12.99461679
13	5	16.38954033	21.03751103
13	7	30.96375653	28.30075577
13	9	30.96375653	34.69515353
13	11	45	40.23635831
13	13	45	45
13	15	45	49.08561678
13	17	45	52.59464337
13	19	59.03624347	55.61965528
15	-21	-45	-54.46232221
15	-19	-45	-51.70983681
15	-17	-45	-48.57633437
15	-15	-45	-45
15	-13	-45	-40.91438322
15	-11	-45	-36.25383774
15	-9	-30.96375653	-30.96375653
15	-7	-30.96375653	-25.01689348
15	-5	-16.38954033	-18.43494882
15	-3	-11.30993247	-11.30993247
15	-1	2.84E-14	-3.814074834
15	1	2.84E-14	3.814074834
15	3	11.30993247	11.30993247
15	5	16.38954033	18.43494882
15	7	30.96375653	25.01689348
15	9	30.96375653	30.96375653
15	11	45	36.25383774
15	13	45	40.91438322
15	15	45	45
15	17	45	48.57633437
15	19	45	51.70983681
17	-21	-45	-51.00900596
17	-19	-45	-48.17983012
17	-17	-45	-45
17	-15	-45	-41.42366563
17	-13	-45	-37.40535663
17	-11	-30.96375653	-32.90524292
17	-9	-30.96375653	-27.89727103
17	-7	-30.96375653	-22.38013505
17	-5	-16.38954033	-16.38954033
17	-3	-11.30993247	-10.0079798
17	-1	2.84E-14	-3.366460663
17	1	2.84E-14	3.366460663
17	3	11.30993247	10.0079798
17	5	16.38954033	16.38954033
17	7	30.96375653	22.38013505
17	9	30.96375653	27.89727103
17	11	30.96375653	32.90524292
17	13	45	37.40535663
17	15	45	41.42366563
17	17	45	45
17	19	45	48.17983012
19	-21	-45	-47.86240523
19	-19	-45	-45
19	-17	-45	-41.82016988
19	-15	-45	-38.29016319
19	-13	-30.96375653	-34.38034472
19	-11	-30.96375653	-30.06858282
19	-9	-30.96375653	-25.34617594
19	-7	-16.38954033	-20.22485943
19	-5	-16.38954033	-14.74356284
19	-3	-11.30993247	-8.972626615
19	-1	2.84E-14	-3.012787504
19	1	2.84E-14	3.012787504
19	3	11.30993247	8.972626615
19	5	16.38954033	14.74356284
19	7	16.38954033	20.22485943
19	9	30.96375653	25.34617594
19	11	30.96375653	30.06858282
19	13	30.96375653	34.38034472
19	15	45	38.29016319
19	17	45	41.82016988
19	19	45	45
